0;0.309017;0.587785;0.809017;0.951057;1;0.951057;0.809017;0.587785;0.309017;1.22465e-16;-0.309017;-0.587785;-0.809017;-0.951057;-1;-0.951057;-0.809017;-0.587785;-0.309017;-2.44929e-16;0.309017;0.587785;0.809017;0.951057;1;0.951057;0.809017;0.587785;0.309017;3.67394e-16;-0.309017;-0.587785;-0.809017;-0.951057;-1;-0.951057;-0.809017;-0.587785;-0.309017;
-0.813436;-0.596448;-0.00618336;0.303436;0.583353;0.806167;0.950068;1.00097;0.953889;0.813436;0.593358;0.315197;0.00618336;-0.303436;-0.583353;-0.806167;-0.950068;-1.00097;-0.953889;-0.813436;-0.593358;-0.315197;-0.00618336;0.303436;0.583353;0.806167;0.950068;1.00097;0.953889;0.813436;0.593358;0.315197;0.00618336;-0.303436;-0.583353;-0.806167;-0.950068;-1.00097;-0.953889;-0.813436;
-0.955294;-0.815606;-0.60235;-0.00927956;0.300637;0.581125;0.804728;0.949559;1.00144;0.955294;0.815637;0.596139;0.318287;0.00927956;-0.300637;-0.581125;-0.804728;-0.949559;-1.00144;-0.955294;-0.815637;-0.596139;-0.318287;-0.00927956;0.300637;0.581125;0.804728;0.949559;1.00144;0.955294;0.815637;0.596139;0.318287;0.00927956;-0.300637;-0.581125;-0.804728;-0.949559;-1.00144;-0.955294;
-1.0019;-0.956691;-0.817738;-0.608281;-0.0123787;0.297832;0.578889;0.80328;0.94904;1.0019;0.95669;0.817832;0.598918;0.321378;0.0123787;-0.297832;-0.578889;-0.80328;-0.94904;-1.0019;-0.95669;-0.817832;-0.598918;-0.321378;-0.0123787;0.297832;0.578889;0.80328;0.94904;1.0019;0.95669;0.817832;0.598918;0.321378;0.0123787;-0.297832;-0.578889;-0.80328;-0.94904;-1.0019;
-0.948511;-1.00235;-0.95808;-0.819833;-0.61424;-0.0154808;0.295021;0.576645;0.801822;0.948511;1.00235;0.958079;0.820021;0.601693;0.324468;0.0154808;-0.295021;-0.576645;-0.801822;-0.948511;-1.00235;-0.958079;-0.820021;-0.601693;-0.324468;-0.0154808;0.295021;0.576645;0.801822;0.948511;1.00235;0.958079;0.820021;0.601693;0.324468;0.0154808;-0.295021;-0.576645;-0.801822;-0.948511;
-0.572133;-0.798879;-0.947425;-1.00323;-0.960839;-0.823905;-0.626244;-0.0216938;0.289383;0.572133;0.798879;0.947425;1.00323;0.960832;0.824381;0.607234;0.330647;0.0216938;-0.289383;-0.572133;-0.798879;-0.947425;-1.00323;-0.960832;-0.824381;-0.607234;-0.330647;-0.0216938;0.289383;0.572133;0.798879;0.947425;1.00323;0.960832;0.824381;0.607234;0.330647;0.0216938;-0.289383;-0.572133;
-0.286556;-0.569866;-0.797393;-0.946867;-1.00365;-0.962208;-0.825882;-0.63229;-0.0248045;0.286556;0.569866;0.797393;0.946867;1.00365;0.962197;0.826553;0.61;0.333737;0.0248045;-0.286556;-0.569866;-0.797393;-0.946867;-1.00365;-0.962197;-0.826553;-0.61;-0.333737;-0.0248045;0.286556;0.569866;0.797393;0.946867;1.00365;0.962197;0.826553;0.61;0.333737;0.0248045;-0.286556;
0.0279181;-0.283723;-0.56759;-0.795899;-0.946299;-1.00407;-0.963571;-0.827818;-0.638365;-0.0279181;0.283723;0.56759;0.795899;0.946299;1.00407;0.963553;0.828718;0.612763;0.336826;0.0279181;-0.283723;-0.56759;-0.795899;-0.946299;-1.00407;-0.963553;-0.828718;-0.612763;-0.336826;-0.0279181;0.283723;0.56759;0.795899;0.946299;1.00407;0.963553;0.828718;0.612763;0.336826;0.0279181;
0.339915;0.0310345;-0.280884;-0.565307;-0.794395;-0.945721;-1.00447;-0.964929;-0.829712;-0.644469;-0.0310345;0.280884;0.565307;0.794395;0.945721;1.00447;0.964902;0.830878;0.615522;0.339915;0.0310345;-0.280884;-0.565307;-0.794395;-0.945721;-1.00447;-0.964902;-0.830878;-0.615522;-0.339915;-0.0310345;0.280884;0.565307;0.794395;0.945721;1.00447;0.964902;0.830878;0.615522;0.339915;
0.835179;0.621031;0.346092;0.0372756;-0.27519;-0.560718;-0.791359;-0.944536;-1.00525;-0.967628;-0.833375;-0.656768;-0.0372756;0.27519;0.560718;0.791359;0.944536;1.00526;0.967574;0.835179;0.621031;0.346092;0.0372756;-0.27519;-0.560718;-0.791359;-0.944536;-1.00526;-0.967574;-0.835179;-0.621031;-0.346092;-0.0372756;0.27519;0.560718;0.791359;0.944536;1.00526;0.967574;0.835179;
0.968898;0.837321;0.623781;0.349181;0.0404003;-0.272335;-0.558411;-0.789827;-0.943929;-1.00563;-0.968971;-0.835141;-0.662963;-0.0404003;0.272335;0.558411;0.789827;0.943929;1.00563;0.968898;0.837321;0.623781;0.349181;0.0404003;-0.272335;-0.558411;-0.789827;-0.943929;-1.00563;-0.968898;-0.837321;-0.623781;-0.349181;-0.0404003;0.272335;0.558411;0.789827;0.943929;1.00563;0.968898;
1.006;0.970214;0.839456;0.626527;0.352268;0.0435277;-0.269474;-0.556097;-0.788286;-0.943312;-1.006;-0.970309;-0.836862;-0.669188;-0.0435277;0.269474;0.556097;0.788286;0.943312;1.006;0.970214;0.839456;0.626527;0.352268;0.0435277;-0.269474;-0.556097;-0.788286;-0.943312;-1.006;-0.970214;-0.839456;-0.626527;-0.352268;-0.0435277;0.269474;0.556097;0.788286;0.943312;1.006;
0.942685;1.00636;0.971521;0.841585;0.629269;0.355356;0.0466577;-0.266608;-0.553775;-0.786736;-0.942685;-1.00635;-0.971643;-0.838539;-0.675445;-0.0466577;0.266608;0.553775;0.786736;0.942685;1.00636;0.971521;0.841585;0.629269;0.355356;0.0466577;-0.266608;-0.553775;-0.786736;-0.942685;-1.00636;-0.971521;-0.841585;-0.629269;-0.355356;-0.0466577;0.266608;0.553775;0.786736;0.942685;
0.785176;0.942048;1.00671;0.972821;0.843708;0.632008;0.358443;0.0497903;-0.263736;-0.551446;-0.785176;-0.942048;-1.0067;-0.972974;-0.84017;-0.681733;-0.0497903;0.263736;0.551446;0.785176;0.942048;1.00671;0.972821;0.843708;0.632008;0.358443;0.0497903;-0.263736;-0.551446;-0.785176;-0.942048;-1.00671;-0.972821;-0.843708;-0.632008;-0.358443;-0.0497903;0.263736;0.551446;0.785176;
0.257976;0.546764;0.78203;0.940745;1.00737;0.975394;0.847936;0.637476;0.364615;0.0560634;-0.257976;-0.546764;-0.78203;-0.940746;-1.00737;-0.975628;-0.843291;-0.694404;-0.0560634;0.257976;0.546764;0.78203;0.940745;1.00737;0.975394;0.847936;0.637476;0.364615;0.0560634;-0.257976;-0.546764;-0.78203;-0.940745;-1.00737;-0.975394;-0.847936;-0.637476;-0.364615;-0.0560634;0.257976;
-0.0592038;0.255088;0.544411;0.780443;0.940079;1.00769;0.976669;0.850041;0.640205;0.367701;0.0592038;-0.255088;-0.544411;-0.780443;-0.940079;-1.00768;-0.976951;-0.84478;-0.700787;-0.0592038;0.255088;0.544411;0.780443;0.940079;1.00769;0.976669;0.850041;0.640205;0.367701;0.0592038;-0.255088;-0.544411;-0.780443;-0.940079;-1.00769;-0.976669;-0.850041;-0.640205;-0.367701;-0.0592038;
-0.370786;-0.0623467;0.252195;0.542051;0.778846;0.939403;1.008;0.977935;0.852139;0.64293;0.370786;0.0623467;-0.252195;-0.542051;-0.778846;-0.939403;-1.00799;-0.978273;-0.84622;-0.707203;-0.0623467;0.252195;0.542051;0.778846;0.939403;1.008;0.977935;0.852139;0.64293;0.370786;0.0623467;-0.252195;-0.542051;-0.778846;-0.939403;-1.008;-0.977935;-0.852139;-0.64293;-0.370786;
-0.645651;-0.37387;-0.0654922;0.249297;0.539683;0.777241;0.938717;1.00831;0.979193;0.854231;0.645651;0.37387;0.0654922;-0.249297;-0.539683;-0.777241;-0.938717;-1.00829;-0.979593;-0.84761;-0.713651;-0.0654922;0.249297;0.539683;0.777241;0.938717;1.00831;0.979193;0.854231;0.645651;0.37387;0.0654922;-0.249297;-0.539683;-0.777241;-0.938717;-1.00831;-0.979193;-0.854231;-0.645651;
-0.981684;-0.858397;-0.651083;-0.380037;-0.0717904;0.243484;0.534924;0.774002;0.937315;1.00888;0.981684;0.858397;0.651083;0.380037;0.0717904;-0.243484;-0.534924;-0.774002;-0.937316;-1.00885;-0.982233;-0.850238;-0.726648;-0.0717904;0.243484;0.534924;0.774002;0.937315;1.00888;0.981684;0.858397;0.651083;0.380037;0.0717904;-0.243484;-0.534924;-0.774002;-0.937315;-1.00888;-0.981684;
-1.00915;-0.982917;-0.86047;-0.653794;-0.38312;-0.0749431;0.240569;0.532533;0.772369;0.9366;1.00915;0.982917;0.86047;0.653794;0.38312;0.0749431;-0.240569;-0.532533;-0.772369;-0.936601;-1.00912;-0.983553;-0.851474;-0.733196;-0.0749431;0.240569;0.532533;0.772369;0.9366;1.00915;0.982917;0.86047;0.653794;0.38312;0.0749431;-0.240569;-0.532533;-0.772369;-0.9366;-1.00915;
-0.935874;-1.00941;-0.984142;-0.862536;-0.6565;-0.386201;-0.0780982;0.23765;0.530135;0.770726;0.935874;1.00941;0.984142;0.862536;0.6565;0.386201;0.0780982;-0.23765;-0.530135;-0.770726;-0.935876;-1.00937;-0.984874;-0.852657;-0.739779;-0.0780982;0.23765;0.530135;0.770726;0.935874;1.00941;0.984142;0.862536;0.6565;0.386201;0.0780982;-0.23765;-0.530135;-0.770726;-0.935874;
-0.769075;-0.935139;-1.00966;-0.985358;-0.864597;-0.659203;-0.389282;-0.0812557;0.234725;0.527729;0.769075;0.935139;1.00966;0.985358;0.864597;0.659203;0.389282;0.0812557;-0.234725;-0.527729;-0.769075;-0.935141;-1.00962;-0.986196;-0.853786;-0.746396;-0.0812557;0.234725;0.527729;0.769075;0.935139;1.00966;0.985358;0.864597;0.659203;0.389282;0.0812557;-0.234725;-0.527729;-0.769075;
-0.22886;-0.522894;-0.765745;-0.933638;-1.01014;-0.987764;-0.868698;-0.664598;-0.395442;-0.0875776;0.22886;0.522894;0.765745;0.933638;1.01014;0.987764;0.868698;0.664598;0.395442;0.0875776;-0.22886;-0.522894;-0.765744;-0.933641;-1.01008;-0.988847;-0.855878;-0.759733;-0.0875776;0.22886;0.522894;0.765745;0.933638;1.01014;0.987764;0.868698;0.664598;0.395442;0.0875776;-0.22886;
0.090742;-0.225919;-0.520466;-0.764066;-0.932873;-1.01036;-0.988955;-0.870739;-0.667289;-0.398521;-0.090742;0.225919;0.520466;0.764066;0.932873;1.01036;0.988955;0.870739;0.667289;0.398521;0.090742;-0.225919;-0.520466;-0.764065;-0.932877;-1.01029;-0.990176;-0.856839;-0.766455;-0.090742;0.225919;0.520466;0.764066;0.932873;1.01036;0.988955;0.870739;0.667289;0.398521;0.090742;
0.401599;0.0939086;-0.222974;-0.51803;-0.762378;-0.932098;-1.01058;-0.990137;-0.872774;-0.669977;-0.401599;-0.0939086;0.222974;0.51803;0.762378;0.932098;1.01058;0.990137;0.872774;0.669977;0.401599;0.0939086;-0.222974;-0.51803;-0.762377;-0.932103;-1.01049;-0.99151;-0.857743;-0.773212;-0.0939086;0.222974;0.51803;0.762378;0.932098;1.01058;0.990137;0.872774;0.669977;0.401599;
0.672661;0.404675;0.0970774;-0.220023;-0.515586;-0.76068;-0.931314;-1.01078;-0.991311;-0.874802;-0.672661;-0.404675;-0.0970774;0.220023;0.515586;0.76068;0.931314;1.01078;0.991311;0.874802;0.672661;0.404675;0.0970774;-0.220023;-0.515586;-0.76068;-0.931319;-1.01068;-0.992847;-0.858588;-0.780005;-0.0970774;0.220023;0.515586;0.76068;0.931314;1.01078;0.991311;0.874802;0.672661;
0.876823;0.675341;0.407751;0.100248;-0.217068;-0.513135;-0.758974;-0.930519;-1.01098;-0.992476;-0.876823;-0.675341;-0.407751;-0.100248;0.217068;0.513135;0.758974;0.930519;1.01098;0.992476;0.876823;0.675341;0.407751;0.100248;-0.217068;-0.513135;-0.758974;-0.930525;-1.01086;-0.99419;-0.859374;-0.786834;-0.100248;0.217068;0.513135;0.758974;0.930519;1.01098;0.992476;0.876823;
1.01134;0.99478;0.880846;0.680689;0.4139;0.106597;-0.211141;-0.508211;-0.755534;-0.9289;-1.01134;-0.99478;-0.880846;-0.680689;-0.4139;-0.106597;0.211141;0.508211;0.755534;0.9289;1.01134;0.99478;0.880846;0.680689;0.4139;0.106597;-0.211141;-0.508211;-0.755534;-0.928909;-1.01118;-0.996892;-0.860764;-0.800603;-0.106597;0.211141;0.508211;0.755534;0.9289;1.01134;
0;0;0;0;0;0;0;0;0;0;0;0;0;0;0;0;0;0;0;0;0;0;0;0;0;0;0;0;0;0;0;0;0;0;0;0;0;0;0;0;
0;0;0;0;0;0;0;0;0;0;0;0;0;0;0;0;0;0;0;0;0;0;0;0;0;0;0;0;0;0;0;0;0;0;0;0;0;0;0;0;
